

####### KNN Results #######

Confusion Matrix

[[ 8  0  0  0  0  0  0  0  0  0]
 [ 0 14  0  0  0  0  0  0  0  0]
 [ 0  3  4  0  0  0  0  1  0  0]
 [ 0  1  0  9  0  0  0  0  0  1]
 [ 0  0  0  0 13  0  0  0  0  1]
 [ 0  1  0  1  2  3  0  0  0  0]
 [ 1  2  0  0  0  0  7  0  0  0]
 [ 0  1  0  0  0  0  0 12  0  2]
 [ 0  0  1  0  0  0  0  0  1  0]
 [ 0  0  0  0  0  0  0  1  0 10]]


Additional Results

              precision    recall  f1-score   support

           0       0.89      1.00      0.94         8
           1       0.64      1.00      0.78        14
           2       0.80      0.50      0.62         8
           3       0.90      0.82      0.86        11
           4       0.87      0.93      0.90        14
           5       1.00      0.43      0.60         7
           6       1.00      0.70      0.82        10
           7       0.86      0.80      0.83        15
           8       1.00      0.50      0.67         2
           9       0.71      0.91      0.80        11

   micro avg       0.81      0.81      0.81       100
   macro avg       0.87      0.76      0.78       100
weighted avg       0.84      0.81      0.80       100





####### Neural Network Results #######

Confusion Matrix

[[ 8  0  0  0  0  0  0  0  0  0]
 [ 0 13  0  0  0  0  0  0  0  1]
 [ 0  0  8  0  0  0  0  0  0  0]
 [ 0  0  0 10  0  1  0  0  0  0]
 [ 1  0  0  0 10  0  0  0  0  3]
 [ 0  0  0  0  1  5  0  1  0  0]
 [ 0  0  0  0  1  0  8  1  0  0]
 [ 0  0  0  1  0  1  0 11  0  2]
 [ 1  0  0  0  0  0  0  0  1  0]
 [ 0  0  0  0  0  0  0  1  0 10]]


Additional Results

              precision    recall  f1-score   support

           0       0.80      1.00      0.89         8
           1       1.00      0.93      0.96        14
           2       1.00      1.00      1.00         8
           3       0.91      0.91      0.91        11
           4       0.83      0.71      0.77        14
           5       0.71      0.71      0.71         7
           6       1.00      0.80      0.89        10
           7       0.79      0.73      0.76        15
           8       1.00      0.50      0.67         2
           9       0.62      0.91      0.74        11

   micro avg       0.84      0.84      0.84       100
   macro avg       0.87      0.82      0.83       100
weighted avg       0.86      0.84      0.84       100





####### Logistic Regression Results #######

Confusion Matrix

[[ 8  0  0  0  0  0  0  0  0  0]
 [ 0 14  0  0  0  0  0  0  0  0]
 [ 0  0  7  1  0  0  0  0  0  0]
 [ 0  0  0  9  0  1  0  0  0  1]
 [ 0  0  0  0 13  0  0  0  0  1]
 [ 0  0  0  0  1  6  0  0  0  0]
 [ 0  0  0  0  0  0  9  1  0  0]
 [ 0  0  0  0  0  0  0 13  0  2]
 [ 0  0  0  0  0  0  0  0  2  0]
 [ 0  0  0  0  0  0  0  0  0 11]]


Additional Results

              precision    recall  f1-score   support

           0       1.00      1.00      1.00         8
           1       1.00      1.00      1.00        14
           2       1.00      0.88      0.93         8
           3       0.90      0.82      0.86        11
           4       0.93      0.93      0.93        14
           5       0.86      0.86      0.86         7
           6       1.00      0.90      0.95        10
           7       0.93      0.87      0.90        15
           8       1.00      1.00      1.00         2
           9       0.73      1.00      0.85        11

   micro avg       0.92      0.92      0.92       100
   macro avg       0.93      0.92      0.93       100
weighted avg       0.93      0.92      0.92       100





####### SVM Results #######

Confusion Matrix

[[ 8  0  0  0  0  0  0  0  0  0]
 [ 0 14  0  0  0  0  0  0  0  0]
 [ 0  0  6  0  0  1  0  1  0  0]
 [ 0  0  0  9  0  2  0  0  0  0]
 [ 0  0  0  0 14  0  0  0  0  0]
 [ 0  0  1  0  0  6  0  0  0  0]
 [ 0  0  2  0  0  0  8  0  0  0]
 [ 0  0  0  0  0  0  0 13  0  2]
 [ 0  0  0  0  0  0  0  0  2  0]
 [ 0  0  0  0  0  0  0  0  0 11]]


Additional Results

              precision    recall  f1-score   support

           0       1.00      1.00      1.00         8
           1       1.00      1.00      1.00        14
           2       0.67      0.75      0.71         8
           3       1.00      0.82      0.90        11
           4       1.00      1.00      1.00        14
           5       0.67      0.86      0.75         7
           6       1.00      0.80      0.89        10
           7       0.93      0.87      0.90        15
           8       1.00      1.00      1.00         2
           9       0.85      1.00      0.92        11

   micro avg       0.91      0.91      0.91       100
   macro avg       0.91      0.91      0.91       100
weighted avg       0.92      0.91      0.91       100





####### SVM Kernel Results #######

Confusion Matrix

[[ 8  0  0  0  0  0  0  0  0  0]
 [ 0 14  0  0  0  0  0  0  0  0]
 [ 0  0  7  0  0  0  0  1  0  0]
 [ 0  0  1  8  0  2  0  0  0  0]
 [ 0  0  0  0 12  0  1  0  0  1]
 [ 0  0  1  0  0  6  0  0  0  0]
 [ 0  0  3  0  0  0  7  0  0  0]
 [ 0  0  0  0  0  0  0 14  0  1]
 [ 0  0  1  0  0  0  0  0  1  0]
 [ 0  0  0  0  0  0  0  0  1 10]]


Additional Results

              precision    recall  f1-score   support

           0       1.00      1.00      1.00         8
           1       1.00      1.00      1.00        14
           2       0.54      0.88      0.67         8
           3       1.00      0.73      0.84        11
           4       1.00      0.86      0.92        14
           5       0.75      0.86      0.80         7
           6       0.88      0.70      0.78        10
           7       0.93      0.93      0.93        15
           8       0.50      0.50      0.50         2
           9       0.83      0.91      0.87        11

   micro avg       0.87      0.87      0.87       100
   macro avg       0.84      0.84      0.83       100
weighted avg       0.89      0.87      0.87       100



